%YAML:1.0
cabin.cam0.height: 772
cabin.cam0.width: 1032
cabin.cam0.D: !!opencv-matrix
  rows: 1
  cols: 5
  dt: f
  data: [-0.110964613509098, 0.256796105214212, 0.0, 0.0, 0.0]
cabin.cam0.K: !!opencv-matrix
  rows: 3
  cols: 3
  dt: f
  data: [1203.60517376742, 0, 526.579768353915, 0, 1202.93127833003, 404.362162360394, 0, 0, 1]
cabin.cam1.height: 772
cabin.cam1.width: 1032
cabin.cam1.D: !!opencv-matrix
  rows: 1
  cols: 5
  dt: f
  data: [-0.113331314280970, 0.290676707402894, 0.0, 0.0, 0.0]
cabin.cam1.K: !!opencv-matrix
  rows: 3
  cols: 3
  dt: f
  data: [1196.82269426668, 0, 514.073006209418, 0, 1196.09219586903, 393.110672989701, 0, 0, 1]
boom.cam0.height: 772
boom.cam0.width: 1032
boom.cam0.D: !!opencv-matrix
  rows: 1
  cols: 5
  dt: f
  data: [-0.114585095156575, 0.321549880936423, 0.0, 0.0, 0.0]
boom.cam0.K: !!opencv-matrix
  rows: 3
  cols: 3
  dt: f
  data: [1203.54187208591, 0, 539.019336615173, 0, 1203.60584813653, 387.284583106713, 0, 0, 1]
boom.cam1.height: 772
boom.cam1.width: 1032
boom.cam1.D: !!opencv-matrix
  rows: 1
  cols: 5
  dt: f
  data: [-0.0908761402389251, 0.101569526865203, 0.0, 0.0, 0.0]
boom.cam1.K: !!opencv-matrix
  rows: 3
  cols: 3
  dt: f
  data: [1200.20931471787, 0, 534.790401757786, 0, 1200.30304252773, 396.879652909478, 0, 0, 1]
