%YAML:1.0
# cabin sensors
cabin.T_cl0: !!opencv-matrix # this statement is necessary.
  rows: 4
  cols: 4
  dt: f
  data: [1.0, 0.0, 0.0, 0.0, 0.0, 1.0, 0.0, 0.0, 0.0, 0.0, 1.0, 0.0, 0.0, 0.0, 0.0, 1.0]
cabin.T_c0c1: !!opencv-matrix
  rows: 4
  cols: 4
  dt: f
  data: [1.0, 0.0, 0.0, 0.0, 0.0, 1.0, 0.0, 0.0, 0.0, 0.0, 1.0, 0.0, 0.0, 0.0, 0.0, 1.0]
boom.T_cl0: !!opencv-matrix 
  rows: 4
  cols: 4
  dt: f
  data: [1.0, 0.0, 0.0, 0.0, 0.0, 1.0, 0.0, 0.0, 0.0, 0.0, 1.0, 0.0, 0.0, 0.0, 0.0, 1.0]
boom.T_c0c1: !!opencv-matrix
  rows: 4
  cols: 4
  dt: f
  data: [1.0, 0.0, 0.0, 0.0, 0.0, 1.0, 0.0, 0.0, 0.0, 0.0, 1.0, 0.0, 0.0, 0.0, 0.0, 1.0]
