%YAML:1.0
# cabin sensors
cabin.T_cl0: !!opencv-matrix # this statement is necessary.
  rows: 4
  cols: 4
  dt: f
  data: [0.00959917609540439, 0.00306012739694517, -0.999949244431238, -0.0360667668848501, -0.407747975786858, 0.913093825422842, -0.00111991803304164, 0.268386462736343, 0.913044053734544, 0.407738030596847, 0.0100127091736147, 0.0548518499787289, 0, 0, 0, 1]
cabin.T_c0c1: !!opencv-matrix
  rows: 4
  cols: 4
  dt: f
  data: [0.999997952805062, -0.00202131896329917, 9.30340407019748e-05, 0.000206333492066816, 0.00202202293277146, 0.996499725186208, -0.0835715808577954, 0.0873551855739126, 7.62164251882723e-05, 0.0835715978874420, 0.996501772310314, 0.0381889718547846, 0, 0, 0, 1]
boom.T_cl0: !!opencv-matrix 
  rows: 4
  cols: 4
  dt: f
  data: [1.0, 0.0, 0.0, 0.0, 0.0, 1.0, 0.0, 0.0, 0.0, 0.0, 1.0, 0.0, 0.0, 0.0, 0.0, 1.0]
boom.T_c0c1: !!opencv-matrix
  rows: 4
  cols: 4
  dt: f
  data: [0.999993195416706, 0.00158801315668895, -0.00332976493167738, 0.000482456218790264, -0.00186450248937932, 0.996400632374183, -0.0847484715779257, 0.0946253194563093, 0.00318319819570570, 0.0847541032548960, 0.996396813137570, 0.00392552792076590, 0, 0, 0, 1]
